0.428
0.607
0.775
0.182
0.774
0.516
0.265
0.363
0.480
0.688
0.647
0.326
0.388
0.087
0.734
0.760
0.364
0.308
0.144
0.839
0.808
0.570
0.326
0.486
0.356
0.622
0.514
0.830
0.610
0.638
0.684
0.444
0.286
0.039
0.737
0.685
0.502
0.112
0.517
0.313
0.121
0.847
0.721
0.202
0.588
0.293
0.139
0.482
0.215
0.668
0.334
0.308
0.814
0.118
0.035
0.311
0.462
0.279
0.491
0.813
0.560
0.458
0.660
0.809
0.553
0.543
0.642
0.487
0.294
0.721
0.615
0.496
0.660
0.538
0.579
0.446
0.528
0.764
0.075
0.753
0.785
0.429
0.547
0.525
0.374
0.478
0.374
0.550
0.645
0.550
0.779
0.367
0.581
0.530
0.494
0.632
0.069
0.577
0.487
0.525
0.231
0.507
0.813
0.398
0.736
0.513
0.468
0.187
0.687
0.610
0.428
0.291
0.172
0.942
0.477
0.435
0.764
0.597
0.238
0.099
0.076
0.280
0.582
0.752
0.632
0.533
0.626
0.422
0.460
0.211
0.529
0.316
0.263
0.465
0.238
0.194
0.489
0.556
0.322
0.357
0.121
0.673
0.239
0.694
0.380
0.371
0.923
0.351
0.337
0.225
0.946
0.590
0.844
0.667
0.595
0.531
0.382
0.759
0.311
0.195
0.570
0.554
0.346
0.839
0.914
0.767
0.463
0.350
0.677
0.448
0.212
0.190
0.415
0.686
0.371
0.326
0.928
0.804
0.875
0.281
0.378
0.304
0.457
0.993
0.505
0.597
0.837
0.162
0.451
0.507
0.289
0.602
0.719
0.712
0.542
0.303
0.507
0.759
0.513
0.582
0.337
0.609
0.144
0.285
0.088
0.935
0.170
0.520
0.493
0.546
0.351
0.596
0.545
0.026
0.658
0.613
0.615
0.797
0.253
0.841
0.411
0.439
0.375
0.621
0.272
0.472
0.331
0.850
0.509
0.191
0.826
0.229
0.537
0.459
0.336
0.503
0.201
0.429
0.472
0.656
0.453
0.540
0.785
0.555
0.645
0.197
0.100
0.311
0.798
0.503
0.590
0.319
0.215
0.256
0.529
0.228
0.348
0.666
0.358
0.194
0.433
0.208
0.730
0.888
0.372
0.507
0.751
0.144
0.666
0.432
0.754
0.471
0.569
0.518
0.821
0.811
0.455
0.806
0.497
0.348
0.413
0.404
0.622
0.616
0.606
0.718
0.537
0.422
0.387
0.594
0.244
0.483
0.267
0.676
0.795
0.153
0.567
0.831
0.175
0.390
0.587
0.302
0.805
0.541
0.314
0.565
0.789
0.498
0.519
0.565
0.213
0.465
0.547
0.348
0.706
0.535
0.616
0.220
0.108
0.522
0.370
0.444
0.374
0.445
0.556
0.537
0.625
0.492
0.497
0.223
0.774
0.639
0.339
0.583
0.471
0.254
0.775
0.244
0.486
0.479
0.578
0.594
0.419
0.416
0.623
0.491
0.747
0.500
0.213
0.418
0.558
0.767
0.423
0.581
0.343
0.400
0.579
0.680
0.575
0.076
0.155
0.376
0.426
0.715
0.586
0.287
0.379
0.569
0.398
0.602
0.217
0.693
0.395
0.703
0.415
0.277
0.213
0.793
0.562
0.221
0.834
0.683
0.404
0.602
0.173
0.890
0.390
0.772
0.554
0.696
0.830
0.468
0.296
0.076
0.478
0.409
0.187
0.053
0.716
0.660
0.225
0.448
0.580
0.342
0.366
0.605
0.316
0.307
0.710
0.172
0.843
0.291
0.675
0.159
0.585
0.232
0.721
0.375
0.443
0.572
0.317
0.227
0.489
0.247
0.246
0.062
0.350
0.356
0.755
0.451
0.453
0.677
0.274
0.685
0.388
0.525
0.762
0.737
0.937
0.109
0.847
0.635
0.738
0.225
0.654
0.811
0.300
0.343
0.488
0.781
0.282
0.754
0.853
0.557
0.319
0.735
0.373
0.535
0.766
0.287
0.563
0.075
0.426
0.367
0.599
0.430
0.322
0.824
0.885
0.371
0.819
0.334
0.249
0.296
0.184
0.813
0.594
0.654
0.375
0.792
0.795
0.596
0.393
0.949
0.700
0.737
0.384
0.623
0.357
0.390
0.469
0.740
0.373
0.792
0.281
0.283
0.345
0.340
0.389
0.267
0.852
0.606
0.251
0.444
0.498
0.862
0.256
0.386
0.634
0.546
0.275
0.315
0.677
0.627
0.539
0.313
0.290
0.489
0.611
0.638
0.672
0.557
0.318
0.538
0.802
0.676
0.129
0.744
0.764
0.753
0.080
0.654
0.371
0.112
0.315
0.588
0.308
0.132
0.284
0.287
0.418
0.979
0.119
0.643
0.598
0.110
0.723
0.588
0.733
0.153
0.048
0.712
0.146
0.498
0.730
0.832
0.907
0.722
0.296
0.235
0.568
0.320
0.497
0.487
0.097
0.688
0.414
0.773
0.361
0.212
0.528
0.817
0.754
0.688
0.263
0.351
0.144
0.770
0.736
0.481
0.683
0.497
0.273
0.214
0.786
0.458
0.701
0.115
0.667
0.507
0.127
0.201
0.108
0.557
0.365
0.617
0.622
0.594
0.225
0.473
0.202
0.516
0.499
0.620
0.438
0.072
0.506
0.657
0.423
0.346
0.430
0.550
0.754
0.582
0.518
0.950
0.748
0.463
0.632
0.195
0.587
0.381
0.508
0.587
0.609
0.417
0.415
0.699
0.492
0.294
0.273
0.660
0.775
0.468
0.272
0.031
0.812
0.793
0.083
0.561
0.371
0.620
0.658
0.678
0.527
0.621
0.737
0.656
0.293
0.760
0.235
0.686
0.535
0.288
0.563
0.403
0.642
0.612
0.670
0.421
0.223
0.288
0.799
0.777
0.528
0.802
0.194
0.502
0.568
0.102
0.131
0.764
0.166
0.772
0.060
0.311
0.894
0.607
0.532
0.888
0.919
0.455
0.422
0.439
0.180
0.638
0.215
0.818
0.777
0.377
0.665
0.743
0.432
0.889
0.484
0.437
0.485
0.213
0.536
0.813
0.703
0.368
0.265
0.697
0.702
0.591
0.352
0.719
0.443
0.668
0.143
0.231
0.166
0.848
0.576
0.059
0.633
0.226
0.532
0.803
0.457
0.472
0.344
0.810
0.467
0.711
0.848
0.246
0.554
0.916
0.784
0.643
0.574
0.671
0.332
0.537
0.291
0.205
0.419
0.593
0.733
0.549
0.445
0.764
0.675
0.328
0.683
0.832
0.516
0.330
0.632
0.455
0.479
0.375
0.640
0.365
0.013
0.977
0.591
0.943
0.368
0.822
0.496
0.580
0.625
0.755
0.491
0.370
0.597
0.467
0.335
0.519
0.931
0.264
0.540
0.593
0.460
0.420
0.391
0.638
0.271
0.434
0.873
0.628
0.421
0.901
0.687
0.529
0.365
0.188
0.231
0.457
0.518
0.519
0.413
0.144
0.468
0.340
0.351
0.240
0.519
0.382
0.798
0.818
0.446
0.408
0.258
0.329
0.339
0.204
0.670
0.341
0.796
0.473
0.824
0.447
0.340
0.812
0.808
0.200
0.444
0.658
0.135
0.480
0.278
0.568
0.454
0.551
0.572
0.512
0.750
0.268
0.322
0.678
0.360
0.687
0.521
0.478
0.313
0.300
0.718
0.646
0.203
0.863
0.512
0.737
0.434
0.277
0.488
0.561
0.499
0.541
0.174
0.548
0.646
0.328
0.621
0.523
0.351
0.727
0.225
0.564
0.410
0.623
0.292
0.383
0.591
0.841
0.178
0.456
0.269
0.369
0.542
0.437
0.364
0.498
0.917
0.327
0.270
0.408
0.555
0.849
0.216
0.580
0.316
0.561
0.110
0.532
0.038
0.192
0.456
0.331
0.678
0.558
0.848
0.535
0.107
0.116
0.772
0.573
0.558
0.546
0.310
0.698
0.495
0.764
0.324
0.430
0.504
0.582
0.831
0.485
0.721
0.807
0.612
0.590
0.539
0.915
0.616
0.781
0.370
0.749
0.324
0.685
0.827
0.578
0.650
0.367
0.457
0.581
0.886
0.483
0.435
0.492
0.203
0.136
0.635
0.355
0.456
0.547
0.314
0.824
0.470
0.590
0.600
0.571
0.760
0.202
0.220
0.777
0.204
0.309
0.823
0.392
0.711
0.788
0.156
0.431
0.657
0.711
0.240
0.501
0.213
0.077
0.425
0.189
0.357
0.349
0.481
0.540
0.561
0.308
0.762
0.197
0.335
0.798
0.247
0.421
0.505
0.406
0.448
0.489
0.763
0.239
0.520
0.838
0.252
0.813
0.903
0.110
0.426
0.509
0.493
0.383
0.321
0.210
0.372
0.224
0.512
0.382
0.786
0.722
0.630
0.365
0.624
0.438
0.135
0.740
0.372
0.449
0.688
0.603
0.343
0.535
0.534
0.712
0.482
0.693
0.146
0.556
0.677
0.608
0.437
0.345
0.587
0.578
0.707
0.428
0.367
0.693
0.505
0.606
0.310
0.613
0.739
0.446
0.405
0.257
0.537
0.628
0.187
0.870
0.314
0.593
0.834
0.141
0.821
0.572
0.438
0.615
0.648
0.392
0.477
0.884
0.523
0.396
0.695
0.363
0.783
0.508
0.382
0.536
0.477
0.436
0.478
0.510
0.845
0.194
0.442
0.260
0.466
0.423
0.603
0.691
0.490
0.377
0.454
0.366
0.480
0.377
0.357
0.450
0.857
0.448
0.830
0.610
0.095
0.745
0.535
0.838
0.591
0.083
0.371
0.420
0.137
0.455
0.675
0.470
0.582
0.581
0.470
0.853
0.273
0.568
0.655
0.349
0.887
0.290
0.666
0.702
0.494
0.581
0.807
0.658
0.383
0.484
0.206
0.461
0.664
0.894
0.422
0.152
0.492
0.412
0.281
0.279
0.742
0.868
0.302
0.012
0.192
0.565
0.454
0.474
0.342
0.771
0.707
0.245
0.618
0.427
0.702
0.435
0.274
0.659
0.682
0.643
0.460
0.343
0.585
0.257
0.612
0.360
0.524
0.346
0.652
0.703
0.127
0.444
0.702
0.772
0.518
0.742
0.452
0.500
0.451
0.525
0.296
0.920
0.501
0.570
0.239
0.337
0.831
0.200
0.240
0.562
0.676
0.579
0.608
0.761
0.538
0.560
0.364
0.593
0.254
0.580
0.348
0.421
0.484
0.294
0.766
0.571
0.325
0.386
0.289
0.755
0.501
0.048
0.284
0.589
0.749
0.376
0.226
0.652
0.433
0.749
0.673
0.960
0.544
0.135
0.674
0.871
0.736
0.294
0.390
0.249
0.228
0.257
0.678
0.339
0.813
0.375
0.150
0.260
0.447
0.512
0.181
0.403
0.639
0.706
0.628
0.646
0.738
0.593
0.471
0.057
0.310
0.595
0.414
0.577
0.373
0.604
0.144
0.801
0.855
0.407
0.264
0.310
0.562
0.349
0.652
0.831
0.238
0.752
0.428
0.498
0.888
0.487
0.534
0.938
0.548
0.565
0.687
0.496
0.617
0.143
0.240
0.749
0.107
0.338
0.632
0.592
0.453
0.612
0.278
0.209
0.754
0.497
0.322
0.666
0.853
0.276
0.182
0.163
0.279
0.452
0.822
0.902
0.326
0.602
0.689
0.412
0.450
0.315
0.277
0.542
0.230
0.529
0.778
0.427
0.563
0.815
0.746
0.402
0.851
0.582
0.637
0.620
0.336
0.460
0.391
0.375
0.388
0.627
0.643
0.852
0.185
0.108
0.466
0.427
0.304
0.415
0.548
0.332
0.245
0.848
0.872
0.411
0.646
0.800
0.067
0.472
0.320
0.781
0.456
0.846
0.605
0.352
0.609
0.268
0.159
0.522
0.060
0.175
0.676
0.648
0.295
0.341
0.529
0.746
0.354
0.557
0.575
0.551
0.538
0.682
0.154
0.594
0.707
0.637
0.591
0.912
0.617
0.737
0.809
0.568
0.701
0.659
0.673
0.296
0.266
0.277
0.358
0.441
0.326
0.637
0.845
0.320
0.465
0.445
0.192
0.283
0.412
0.420
0.582
0.349
0.641
0.902
0.462
0.598
0.654
0.518
0.785
0.460
0.336
0.247
0.286
0.365
0.784
0.688
0.715
0.283
0.493
0.185
0.875
0.878
0.494
0.841
0.453
0.079
0.542
0.241
0.628
0.437
0.696
0.559
0.639
0.813
0.818
0.767
0.507
0.705
0.144
0.908
0.090
0.886
0.534
0.921
0.699
0.324
0.400
0.503
0.333
0.624
0.300
0.084
0.554
0.701
0.761
0.576
0.372
0.246
0.320
0.104
0.493
0.110
0.852
0.231
0.273
0.361
0.860
0.343
0.179
0.653
0.324
0.671
0.344
0.304
0.637
0.358
0.479
0.025
0.207
0.662
0.173
0.893
0.815
0.660
0.640
0.607
0.386
0.269
0.591
0.249
0.387
0.152
0.563
0.498
0.590
0.541
0.367
0.841
0.069
0.580
0.648
0.391
0.509
0.250
0.544
0.084
0.732
0.752
0.385
0.839
0.809
0.382
0.328
0.636
0.486
0.597
0.413
0.872
0.846
0.221
0.141
0.597
0.482
0.654
0.496
0.972
0.265
0.195
0.328
0.835
0.609
0.849
0.612
0.369
0.326
0.508
0.464
0.858
0.706
0.220
0.583
0.451
0.749
0.382
0.787
0.793
0.809
0.367
0.646
0.411
0.217
0.595
0.808
0.437
0.450
0.747
0.308
0.275
0.876
0.159
0.704
0.801
0.351
0.539
0.666
0.348
0.637
0.569
0.901
0.536
0.518
0.891
0.613
0.434
0.353
0.491
0.418
0.156
0.287
0.363
0.613
0.687
0.599
0.468
0.341
0.688
0.099
0.585
0.405
0.855
0.755
0.708
0.488
0.340
0.485
0.350
0.322
0.411
0.558
0.968
0.389
0.578
0.856
0.778
0.270
0.410
0.383
0.518
0.604
0.093
0.554
0.343
0.395
0.198
0.588
0.611
0.754
0.672
0.247
0.714
0.651
0.610
0.961
0.507
0.882
0.878
0.686
0.758
0.492
0.568
0.506
0.380
0.380
0.809
0.587
0.851
0.375
0.905
0.418
0.282
0.618
0.385
0.862
0.805
0.452
0.565
0.855
0.085
0.452
0.586
0.264
0.374
0.722
0.562
0.600
0.780
0.799
0.484
0.338
0.382
0.643
0.540
0.179
0.151
0.470
0.401
0.118
0.512
0.501
0.468
0.253
0.445
0.657
0.239
0.554
0.242
0.658
0.919
0.547
0.321
0.513
0.706
0.215
0.485
0.259
0.526
0.516
0.240
0.442
0.832
0.454
0.581
0.740
0.267
0.254
0.394
0.643
0.497
0.505
0.428
0.178
0.735
0.480
0.563
0.712
0.870
0.744
0.194
0.238
0.624
0.584
0.193
0.428
0.659
0.380
0.198
0.498
0.106
0.386
0.581
0.344
0.530
0.219
0.477
0.327
0.392
0.283
0.525
0.463
0.522
0.377
0.484
0.450
0.472
0.651
0.132
0.822
0.622
0.911
0.156
0.581
0.711
0.773
0.743
0.559
0.610
0.311
0.510
0.488
0.467
0.477
0.591
0.694
0.061
0.892
0.405
0.469
0.300
0.622
0.618
0.504
0.167
0.439
0.461
0.544
0.502
0.934
0.541
0.936
0.432
0.541
0.465
0.534
0.322
0.475
0.555
0.353
0.484
0.383
0.495
0.482
0.688
0.678
0.624
0.156
0.484
0.321
0.400
0.085
0.369
0.296
0.499
0.807
0.473
0.362
0.291
0.309
0.631
0.829
0.154
0.220
0.781
0.515
0.583
0.626
0.480
0.363
0.575
0.267
0.653
0.567
0.551
0.416
0.268
0.450
0.776
0.547
0.452
0.716
0.800
0.863
0.696
0.891
0.302
0.781
0.721
0.707
0.677
0.281
0.419
0.483
0.307
0.588
0.494
0.150
0.256
0.293
0.610
0.789
0.881
0.493
0.632
0.659
0.703
0.402
0.438
0.711
0.368
0.392
0.490
0.489
0.412
0.809
0.099
0.337
0.901
0.376
0.197
0.307
0.628
0.318
0.453
0.574
0.699
0.719
0.922
0.237
0.330
0.305
0.559
0.142
0.735
0.183
0.369
0.838
0.121
0.762
0.856
0.355
0.210
0.748
0.398
0.653
0.840
0.299
0.566
0.731
0.864
0.311
0.180
0.451
0.674
0.820
0.340
0.527
0.265
0.228
0.671
0.837
0.530
0.364
0.637
0.334
0.574
0.685
0.630
0.717
0.373
0.544
0.579
0.257
0.452
0.618
0.372
0.674
0.726
0.318
0.789
0.480
0.572
0.466
0.618
0.741
0.544
0.728
0.168
0.300
0.808
0.738
0.422
0.601
0.447
0.150
0.625
0.377
0.312
0.418
0.396
0.426
0.516
0.536
0.807
0.527
0.480
0.638
0.459
0.940
0.398
0.309
0.875
0.408
0.316
0.757
0.658
0.404
0.343
0.591
0.265
0.516
0.528
0.415
0.569
0.645
0.597
0.314
0.431
0.523
0.566
0.380
0.277
0.087
0.296
0.270
0.413
0.585
0.154
0.541
0.550
0.190
0.586
0.630
0.755
0.674
0.421
0.399
0.706
0.299
0.281
0.416
0.261
0.214
0.716
0.802
0.110
0.815
0.484
0.350
0.948
0.205
0.219
0.679
0.870
0.747
0.382
0.355
0.357
0.441
0.180
0.440
0.684
0.580
0.927
0.208
0.471
0.202
0.742
0.075
0.605
0.283
0.548
0.213
0.618
0.908
0.318
0.359
0.493
0.383
0.220
0.265
0.671
0.366
0.044
0.560
0.714
0.439
0.090
0.235
0.388
0.432
0.851
0.488
0.408
0.710
0.836
0.706
0.477
0.560
0.755
0.708
0.397
0.713
0.817
0.134
0.597
0.473
0.632
0.594
0.869
0.501
0.756
0.561
0.415
0.333
0.613
0.515
0.464
0.666
0.503
0.606
0.537
0.595
0.492
0.512
0.375
0.609
0.866
0.741
0.257
0.561
0.210
0.144
0.203
0.088
0.560
0.442
0.059
0.324
0.692
0.669
0.380
0.597
0.845
0.653
0.781
0.394
0.432
0.501
0.702
0.147
0.564
0.793
0.815
0.570
0.670
0.313
0.397
0.387
0.391
0.379
0.471
0.956
0.594
0.314
0.463
0.488
0.181
0.680
0.348
0.192
0.646
0.680
0.563
0.832
0.592
0.856
0.491
0.496
0.847
0.519
0.447
0.775
0.477
0.608
0.316
0.753
0.449
0.429
0.331
0.715
0.631
0.251
0.563
0.271
0.534
0.185
0.103
0.314
0.256
0.357
0.321
0.867
0.796
0.431
0.769
0.309
0.410
0.384
0.334
0.616
0.572
0.472
0.239
0.706
0.292
0.398
0.103
0.348
0.616
0.424
0.850
0.609
0.239
0.677
0.958
0.223
0.086
0.255
0.144
0.369
0.347
0.448
0.446
0.456
0.396
0.385
0.831
0.679
0.417
0.574
0.645
0.236
0.791
0.716
0.549
0.262
0.726
0.945
0.511
0.464
0.607
0.881
0.785
0.599
0.642
0.064
0.358
0.400
0.283
0.457
0.227
0.236
0.594
0.437
0.217
0.389
0.313
0.591
0.316
0.335
0.604
0.591
0.651
0.409
0.471
0.726
0.287
0.205
0.657
0.494
0.785
0.345
0.254
0.372
0.802
0.745
0.386
0.376
0.376
0.556
0.843
0.369
0.930
0.560
0.724
0.715
0.762
0.429
0.330
0.154
0.635
0.722
0.401
0.747
0.807
0.255
0.229
0.500
0.092
0.689
0.809
0.042
0.274
0.265
0.160
0.394
0.510
0.536
0.247
0.378
0.361
0.494
0.519
0.748
0.465
0.932
0.964
0.425
0.082
0.716
0.471
0.527
0.712
0.615
0.634
0.642
0.153
0.744
0.661
0.288
0.790
0.364
0.676
0.069
0.572
0.527
0.263
0.534
0.349
0.491
0.779
0.849
0.731
0.818
0.627
0.522
0.498
0.815
0.368
0.797
0.134
0.414
0.447
0.740
0.968
0.779
0.237
0.300
0.510
0.585
0.507
0.341
0.689
0.321
0.200
0.491
0.351
0.773
0.959
0.393
0.473
0.308
0.280
0.539
0.180
0.567
0.642
0.529
0.830
0.469
0.343
0.534
0.510
0.283
0.465
0.037
0.700
0.912
0.063
0.696
0.552
0.871
0.475
0.514
0.408
0.716
0.851
0.311
0.455
0.773
0.785
0.513
0.509
0.697
0.689
0.784
0.209
0.359
0.496
0.065
0.689
0.125
0.720
0.258
0.212
0.563
0.766
0.009
0.587
0.740
0.513
0.624
0.345
0.289
0.517
0.938
0.360
0.766
0.177
0.161
0.548
0.749
0.237
0.947
0.256
0.379
0.331
0.829
0.260
0.585
0.885
0.703
0.516
0.361
0.584
0.311
0.330
0.569
0.504
0.555
0.513
0.233
0.326
0.460
0.651
0.235
0.423
0.585
0.773
0.539
0.648
0.547
0.521
0.888
0.239
0.457
0.517
0.337
0.291
0.823
0.233
0.791
0.815
0.514
0.820
0.572
0.483
0.207
0.194
0.588
0.790
0.387
0.483
0.372
0.892
0.820
0.910
0.597
0.120
0.194
0.206
0.106
0.654
0.430
0.491
0.343
0.200
0.761
0.260
0.215
0.575
0.261
0.540
0.623
0.956
0.328
0.688
0.742
0.799
0.482
0.615
0.570
0.606
0.716
0.233
0.709
0.702
0.795
0.457
0.839
0.342
0.775
0.733
0.793
0.909
0.386
0.736
0.920
0.563
0.707
0.192
0.442
0.729
0.250
0.117
0.725
0.567
0.792
0.402
0.892
0.733
0.510
0.195
0.215
0.134
0.266
0.431
0.406
0.897
0.637
0.388
0.570
0.596
0.730
0.360
0.384
0.098
0.657
0.364
0.778
0.210
0.808
0.390
0.183
0.241
0.389
0.670
0.497
0.421
0.444
0.659
0.433
0.334
0.687
0.145
0.451
0.541
0.350
0.634
0.662
0.717
0.242
0.355
0.813
0.650
0.521
0.642
0.687
0.551
0.394
0.754
0.643
0.549
0.270
0.623
0.084
0.816
0.577
0.869
0.679
0.549
0.404
0.505
0.404
0.448
0.203
0.223
0.588
0.141
0.652
0.454
0.113
0.768
0.752
0.747
0.666
0.119
0.578
0.426
0.585
0.387
0.331
0.192
0.124
0.584
0.291
0.161
0.249
0.695
0.583
0.975
0.548
0.750
0.317
0.465
0.246
0.414
0.570
0.194
0.384
0.459
0.795
0.649
0.276
0.319
0.631
0.370
0.460
0.213
0.362
0.513
0.596
0.321
0.355
0.773
0.499
0.412
0.798
0.213
0.883
0.715
0.780
0.488
0.877
0.241
0.296
0.355
0.383
0.571
0.689
0.681
0.624
0.239
0.285
0.517
0.343
0.351
0.566
0.637
0.710
0.344
0.516
0.561
0.139
0.030
0.630
0.672
0.492
0.584
0.063
0.403
0.382
0.609
0.587
0.642
0.583
0.492
0.481
0.341
0.543
0.395
0.276
0.826
0.272
0.430
0.860
0.256
0.243
0.199
0.501
0.735
0.322
0.586
0.378
0.798
0.737
0.327
0.674
0.655
0.503
0.162
0.540
0.502
0.689
0.743
0.383
0.575
0.067
0.642
0.458
0.450
0.557
0.893
0.362
0.746
0.581
0.264
0.543
0.577
0.826
0.404
0.730
0.303
0.251
0.158
0.095
0.313
0.831
0.260
0.601
0.421
0.525
0.741
0.574
0.465
0.578
0.701
0.945
0.473
0.579
0.399
0.215
0.939
0.379
0.679
0.336
0.268
0.269
0.218
0.525
0.620
0.293
0.350
0.417
0.438
0.357
0.329
0.715
0.961
0.592
0.671
0.503
0.497
0.171
0.267
0.610
0.428
0.565
0.771
0.379
0.163
0.576
0.530
0.614
0.157
0.587
0.277
0.583
0.829
0.434
0.690
0.561
0.253
0.552
0.240
0.661
0.627
0.815
0.459
0.531
0.627
0.797
0.263
0.590
0.216
0.848
0.627
0.454
0.950
0.257
0.495
0.528
0.278
0.750
0.659
0.489
0.376
0.461
0.325
0.290
0.438
0.884
0.639
0.663
0.061
0.403
0.480
0.397
0.482
0.204
0.620
0.609
0.664
0.453
0.575
0.258
0.496
0.434
0.729
0.045
0.117
0.296
0.755
0.476
0.661
0.529
0.224
0.592
0.782
0.658
0.344
0.664
0.621
0.140
0.547
0.599
0.315
0.430
0.424
0.797
0.660
0.637
0.620
0.830
0.185
0.588
0.483
0.150
0.263
0.108
0.450
0.740
0.669
0.888
0.528
0.623
0.591
0.226
0.696
0.547
0.732
0.896
0.765
0.873
0.954
0.631
0.721
0.394
0.315
0.322
0.511
0.788
0.150
0.419
0.854
0.265
0.455
0.786
0.735
0.756
0.787
0.089
0.298
0.688
0.352
0.468
0.770
0.763
0.659
0.508
0.450
0.523
0.883
0.315
0.909
0.256
0.087
0.352
0.216
0.545
0.540
0.503
0.520
0.387
0.143
0.475
0.184
0.318
0.373
0.650
0.130
0.042
0.425
0.383
0.199
0.309
0.606
0.096
0.410
0.884
0.458
0.759
0.707
0.440
0.647
0.275
0.635
0.546
0.514
0.518
0.559
0.700
0.619
0.791
0.643
0.283
0.712
0.227
0.421
0.558
0.671
0.854
0.471
0.433
0.830
0.816
0.879
0.538
0.543
0.436
0.291
0.680
0.232
0.859
0.485
0.796
0.684
0.041
0.925
0.361
0.385
0.529
0.573
0.682
0.164
0.308
0.421
0.507
0.327
0.317
0.523
0.641
0.305
0.445
0.367
0.208
0.165
0.844
0.242
0.353
0.511
0.834
0.826
0.742
0.249
0.612
0.765
0.555
0.506
0.487
0.425
0.304
0.933
0.051
0.283
0.496
0.733
0.384
0.372
0.464
0.736
0.479
0.553
0.624
0.451
0.669
0.367
0.931
0.193
0.391
0.863
0.165
0.065
0.703
0.425
0.598
0.860
0.462
0.534
0.458
0.424
0.625
0.466
0.363
0.588
0.154
0.456
0.601
0.212
0.766
0.800
0.497
0.724
0.154
0.342
0.657
0.182
0.676
0.309
0.704
0.273
0.369
0.349
0.812
0.300
0.200
0.498
0.403
0.836
0.837
0.749
0.761
0.539
0.628
0.706
0.530
0.505
0.506
0.162
0.213
0.682
0.687
0.799
0.268
0.449
0.531
0.781
0.241
0.822
0.418
0.509
0.873
0.249
0.163
0.749
0.212
0.711
0.866
0.472
0.223
0.498
0.944
0.741
0.294
0.251
0.819
0.278
0.335
0.692
0.825
0.443
0.604
0.815
0.813
0.298
0.550
0.793
0.223
0.101
0.544
0.595
0.705
0.714
0.414
0.348
0.448
0.679
0.742
0.399
0.321
0.588
0.152
0.437
0.246
0.374
0.305
0.139
0.204
0.642
0.748
0.672
0.450
0.786
0.449
0.729
0.190
0.520
0.448
0.648
0.534
0.263
0.882
0.525
0.223
0.204
0.693
0.268
0.549
0.260
0.772
0.489
0.437
0.831
0.637
0.614
0.635
0.512
0.490
0.468
0.855
0.147
0.428
0.260
0.143
0.289
0.806
0.104
0.571
0.895
0.297
0.340
0.770
0.692
0.278
0.367
0.156
0.398
0.664
0.068
0.819
0.925
0.710
0.179
0.493
0.767
0.811
0.526
0.919
0.504
0.822
0.526
0.370
0.299
0.303
0.374
0.626
0.449
0.521
0.681
0.850
0.556
0.503
0.963
0.640
0.501
0.225
0.371
0.375
0.836
0.550
0.629
0.340
0.639
0.629
0.575
0.250
0.560
0.667
0.701
0.584
0.561
0.666
0.607
0.070
0.555
0.494
0.449
0.386
0.124
0.715
0.185
0.423
0.231
0.196
0.451
0.848
0.228
0.808
0.722
0.662
0.757
0.577
0.433
0.476
0.541
0.268
0.503
0.377
0.916
0.457
0.293
0.747
0.834
0.269
0.666
0.353
0.908
0.438
0.638
0.360
0.146
0.463
0.912
0.606
0.737
0.522
0.262
0.453
0.539
0.715
0.661
0.376
0.699
0.747
0.697
0.450
0.652
0.500
0.363
0.495
0.630
0.199
0.753
0.583
0.303
0.206
0.327
0.783
0.289
0.387
0.384
0.649
0.303
0.134
0.436
0.482
0.543
0.459
0.390
0.520
0.196
0.713
0.791
0.624
0.763
0.426
0.192
0.535
0.350
0.215
0.653
0.674
0.809
0.848
0.646
0.353
0.543
0.646
0.559
0.569
0.631
0.950
0.429
0.502
0.269
0.578
0.700
0.532
0.761
0.479
0.287
0.302
0.911
0.578
0.473
0.789
0.457
0.473
0.433
0.614
0.362
0.821
0.352
0.032
0.608
0.324
0.170
0.141
0.321
0.433
0.696
0.332
0.824
0.409
0.126
0.575
0.491
0.207
0.665
0.545
0.309
0.198
0.323
0.816
0.740
0.312
0.817
0.798
0.397
0.528
0.506
0.401
0.425
0.891
0.234
0.338
0.619
0.743
0.503
0.560
0.659
0.303
0.766
0.298
0.714
0.681
0.293
0.433
0.392
0.611
0.390
0.819
0.857
0.640
0.536
0.671
0.578
0.073
0.861
0.469
0.233
0.465
0.346
0.560
0.159
0.556
0.330
0.420
0.612
0.567
0.814
0.319
0.458
0.586
0.771
0.183
0.714
0.235
0.375
0.547
0.358
0.655
0.947
0.479
0.745
0.641
0.531
0.876
0.684
0.560
0.471
0.630
0.511
0.431
0.409
0.652
0.402
0.488
0.923
0.355
0.389
0.864
0.637
0.291
0.484
0.866
0.795
0.600
0.537
0.302
0.503
0.409
0.225
0.305
0.848
0.786
0.085
0.306
0.821
0.773
0.507
0.211
0.591
0.286
0.626
0.773
0.362
0.242
0.350
0.464
0.912
0.909
0.463
0.412
0.691
0.520
0.562
0.078
0.559
0.661
0.269
0.473
0.476
0.563
0.116
0.497
0.778
0.284
0.139
0.562
0.480
0.825
0.592
0.566
0.613
0.332
0.587
0.527
0.244
0.351
0.553
0.363
0.585
0.569
0.116
0.498
0.446
0.439
0.276
0.573
0.511
0.837
0.453
0.070
0.427
0.750
0.623
0.640
0.371
0.705
0.508
0.462
0.098
0.700
0.312
0.274
0.242
0.237
0.295
0.363
0.670
0.269
0.141
0.910
0.710
0.875
0.731
0.601
0.132
0.025
0.367
0.515
0.424
0.318
0.554
0.502
0.289
0.160
0.865
0.307
0.626
0.628
0.461
0.671
0.545
0.720
0.134
0.921
0.345
0.428
0.664
0.467
0.457
0.615
0.614
0.703
0.657
0.960
0.388
0.272
0.230
0.373
0.415
0.718
0.266
0.374
0.647
0.335
0.904
0.631
0.354
0.216
0.747
0.496
0.402
0.373
0.663
0.821
0.747
0.805
0.149
0.297
0.914
0.407
0.500
0.567
0.730
0.191
0.225
0.469
0.858
0.740
0.675
0.697
0.096
0.695
0.348
0.200
0.409
0.639
0.663
0.772
0.159
0.814
0.030
0.832
0.299
0.625
0.073
0.417
0.366
0.446
0.089
0.802
0.656
0.509
0.338
0.252
0.582
0.118
0.478
0.736
0.582
0.320
0.466
0.371
0.900
0.868
0.366
0.563
0.803
0.416
0.425
0.139
0.760
0.865
0.240
0.805
0.539
0.537
0.490
0.777
0.979
0.540
0.715
0.642
0.595
0.341
0.438
0.295
0.569
0.734
0.535
0.716
0.728
0.269
0.537
0.303
0.395
0.840
0.288
0.687
0.856
0.105
0.618
0.484
0.361
0.591
0.658
0.512
0.660
0.269
0.061
0.710
0.507
0.339
0.492
0.561
0.211
0.651
0.923
0.469
0.703
0.629
0.517
0.553
0.465
0.659
0.829
0.332
0.384
0.825
0.780
0.499
0.134
0.635
0.284
0.708
0.920
0.548
0.356
0.630
0.626
0.121
0.409
0.562
0.544
0.502
0.758
0.356
0.275
0.576
0.810
0.654
0.644
0.358
0.667
0.335
0.751
0.149
0.765
0.543
0.611
0.958
0.627
0.736
0.704
0.115
0.654
0.498
0.173
0.667
0.286
0.582
0.287
0.521
0.728
0.748
0.257
0.741
0.233
0.367
0.497
0.448
0.344
0.121
0.397
0.151
0.585
0.777
0.421
0.078
0.543
0.463
0.646
0.251
0.534
0.558
0.095
0.401
0.591
0.478
0.281
0.616
0.446
0.291
0.821
0.080
0.194
0.902
0.105
0.582
0.169
0.073
0.703
0.715
0.851
0.479
0.300
0.506
0.553
0.343
0.418
0.612
0.390
0.835
0.267
0.289
0.597
0.272
0.376
0.113
0.607
0.746
0.705
0.516
0.552
0.532
0.830
0.227
0.883
0.160
0.494
0.566
0.429
0.881
0.720
0.612
0.574
0.456
0.419
0.298
0.302
0.755
0.794
0.077
0.675
0.555
0.423
0.344
0.690
0.260
0.864
0.469
0.455
0.176
0.816
0.552
0.179
0.546
0.578
0.680
0.452
0.774
0.446
0.464
0.303
0.402
0.158
0.519
0.525
0.704
0.788
0.813
0.900
0.346
0.743
0.697
0.364
0.601
0.651
0.295
0.278
0.773
0.269
0.595
0.587
0.764
0.216
0.334
0.392
0.138
0.635
0.385
0.425
0.752
0.508
0.592
0.236
0.637
0.901
0.487
0.325
0.649
0.450
0.703
0.063
0.669
0.293
0.361
0.389
0.537
0.296
0.786
0.734
0.350
0.197
0.221
0.282
0.648
0.636
0.624
0.597
0.547
0.698
0.592
0.657
0.611
0.617
0.366
0.659
0.381
0.685
0.853
0.732
0.730
0.500
0.833
0.515
0.542
0.515
0.172
0.379
0.429
0.390
0.954
0.026
0.292
0.473
0.397
0.804
0.352
0.530
0.605
0.300
0.328
0.627
0.487
0.211
0.417
0.465
0.137
0.775
0.304
0.389
0.674
0.671
0.515
0.201
0.486
0.925
0.300
0.618
0.665
0.580
0.319
0.222
0.700
0.640
0.559
0.560
0.563
0.328
0.662
0.082
0.510
0.576
0.675
0.758
0.858
0.415
0.686
0.680
0.223
0.744
0.309
0.698
0.626
0.622
0.777
0.576
0.204
0.727
0.700
0.673
0.356
0.623
0.338
0.105
0.520
0.385
0.502
0.379
0.681
0.487
0.386
0.685
0.444
0.620
0.715
0.224
0.444
0.697
0.419
0.528
0.462
0.452
0.365
0.572
0.469
0.409
0.167
0.294
0.448
0.277
0.665
0.189
0.735
0.818
0.559
0.520
0.341
0.809
0.588
0.408
0.366
0.377
0.266
0.566
0.234
0.245
0.297
0.304
0.392
0.333
0.336
0.633
0.119
0.660
0.407
0.161
0.136
0.474
0.538
0.438
0.565
0.061
0.589
0.423
0.333
0.069
0.046
0.496
0.123
0.963
0.255
0.881
0.374
0.503
0.684
0.642
0.509
0.328
0.317
0.387
0.390
0.238
0.605
0.637
0.614
0.674
0.016
0.434
0.583
0.285
0.906
0.803
0.161
0.418
0.040
0.488
0.758
0.713
0.587
0.491
0.206
0.432
0.325
0.469
0.345
0.497
0.346
0.363
0.778
0.092
0.436
0.820
0.454
0.039
0.814
0.644
0.501
0.693
0.291
0.307
0.328
0.637
0.431
0.406
0.547
0.459
0.474
0.661
0.212
0.562
0.417
0.166
0.653
0.321
0.745
0.447
0.489
0.832
0.759
0.300
0.385
0.310
0.525
0.684
0.652
0.153
0.433
0.100
0.280
0.329
0.761
0.340
0.929
0.290
0.809
0.682
0.313
0.521
0.191
0.245
0.191
0.413
0.534
0.677
0.501
0.374
0.956
0.498
0.510
0.357
0.762
0.780
0.602
0.885
0.214
0.192
0.423
0.432
0.402
0.709
0.469
0.627
0.509
0.797
0.542
0.663
0.573
0.562
0.125
0.210
0.866
0.673
0.319
0.136
0.653
0.162
0.466
0.736
0.737
0.714
0.562
0.620
0.264
0.660
0.300
0.740
0.576
0.167
0.113
0.513
0.533
0.516
0.334
0.547
0.462
0.275
0.569
0.504
0.400
0.618
0.759
0.515
0.790
0.618
0.956
0.207
0.539
0.187
0.480
0.909
0.655
0.359
0.524
0.380
0.367
0.573
0.605
0.342
0.575
0.631
0.351
0.163
0.485
0.606
0.771
0.237
0.365
0.528
0.565
0.645
0.717
0.525
0.491
0.754
0.347
0.228
0.854
0.159
0.272
0.426
0.792
0.411
0.749
0.717
0.413
0.768
0.296
0.733
0.419
0.241
0.495
0.394
0.582
0.250
0.510
0.172
0.357
0.566
0.575
0.567
0.211
0.555
0.539
0.862
0.386
0.250
0.805
0.130
0.264
0.342
0.245
0.676
0.658
0.229
0.604
0.405
0.878
0.714
0.548
0.824
0.855
0.346
0.396
0.559
0.304
0.865
0.415
0.526
0.257
0.912
0.289
0.376
0.541
0.745
0.160
0.738
0.260
0.581
0.521
0.420
0.660
0.414
0.175
0.629
0.707
0.514
0.343
0.450
0.229
0.711
0.298
0.507
0.753
0.237
0.164
0.508
0.289
0.654
0.222
0.176
0.876
0.657
0.311
0.372
0.765
0.731
0.377
0.612
0.328
0.522
0.694
0.376
0.184
0.630
0.368
0.528
0.495
0.310
0.453
0.325
0.625
0.328
0.664
0.237
0.731
0.151
0.438
0.304
0.342
0.893
0.324
0.403
0.181
0.614
0.455
0.477
0.634
0.235
0.680
0.735
0.694
0.812
0.378
0.152
0.609
0.313
0.332
0.588
0.370
0.475
0.443
0.217
0.373
0.768
0.645
0.118
0.059
0.651
0.712
0.446
0.621
0.404
0.432
0.643
0.333
0.778
0.832
0.330
0.279
0.614
0.548
0.840
0.679
0.633
0.494
0.356
0.808
0.905
0.780
0.442
0.447
0.229
0.527
0.291
0.784
0.792
0.334
0.734
0.534
0.176
0.454
0.548
0.455
0.794
0.695
0.235
0.156
0.480
0.344
0.883
0.774
0.558
0.545
0.340
0.662
0.367
0.196
0.278
0.204
0.559
0.021
0.446
0.523
0.694
0.558
0.572
0.691
0.791
0.546
0.146
0.553
0.446
0.465
0.654
0.249
0.225
0.718
0.587
0.448
0.586
0.371
0.564
0.456
0.557
0.626
0.444
0.206
0.417
0.094
0.678
0.530
0.272
0.460
0.366
0.145
0.381
0.401
0.812
0.332
0.478
0.770
0.334
0.574
0.578
0.649
0.734
0.387
0.233
0.507
0.730
0.076
0.302
0.506
0.292
0.350
0.369
0.350
0.367
0.668
0.603
0.247
0.431
0.606
0.584
0.246
0.058
0.135
0.441
0.232
0.401
0.593
0.967
0.264
0.300
0.860
0.696
0.728
0.356
0.556
0.106
0.510
0.436
0.647
0.784
0.756
0.393
0.461
0.603
0.572
0.553
0.545
0.961
0.200
0.273
0.360
0.628
0.526
0.345
0.377
0.854
0.563
0.728
0.818
0.533
0.631
0.061
0.201
0.138
0.602
0.071
0.685
0.568
0.626
0.605
0.841
0.413
0.278
0.018
0.646
0.352
0.397
0.618
0.556
0.451
0.436
0.268
0.286
0.379
0.650
0.383
0.649
0.291
0.657
0.320
0.378
0.831
0.474
0.154
0.147
0.742
0.499
0.270
0.427
0.234
0.531
0.110
0.640
0.151
0.211
0.249
0.804
0.479
0.546
0.414
0.650
0.688
0.235
0.737
0.431
0.106
0.515
0.481
0.656
0.483
0.730
0.346
0.372
0.626
0.059
0.382
0.299
0.183
0.121
0.721
0.444
0.265
0.388
0.772
0.433
0.345
0.507
0.743
0.252
0.364
0.241
0.309
0.427
0.131
0.779
0.860
0.345
0.463
0.397
0.592
0.262
0.287
0.810
0.204
0.534
0.308
0.420
0.707
0.200
0.458
0.381
0.450
0.828
0.576
0.706
0.881
0.697
0.190
0.439
0.342
0.399
0.759
0.351
0.718
0.423
0.474
0.324
0.475
0.540
0.632
0.598
0.549
0.444
0.312
0.308
0.851
0.538
0.316
0.432
0.323
0.524
0.307
0.705
0.346
0.483
0.362
0.397
0.272
0.484
0.488
0.227
0.916
0.375
0.281
0.458
0.504
0.629
0.842
0.629
0.698
0.745
0.570
0.095
0.391
0.907
0.322
0.759
0.565
0.045
0.742
0.660
0.507
0.838
0.488
0.396
0.386
0.411
0.661
0.806
0.384
0.536
0.233
0.203
0.268
0.178
0.419
0.612
0.501
0.533
0.187
0.384
0.391
0.580
0.783
0.192
0.059
0.497
0.392
0.695
0.293
0.501
0.385
0.532
0.767
0.762
0.807
0.579
0.703
0.546
0.032
0.137
0.430
0.106
0.330
0.767
0.618
0.732
0.313
0.677
0.580
0.234
0.477
0.545
0.242
0.864
0.118
0.411
0.685
0.331
0.410
0.339
0.622
0.636
0.253
0.740
0.302
0.497
0.670
0.288
0.518
0.376
0.131
0.596
0.597
0.563
0.496
0.792
0.222
0.407
0.493
0.726
0.202
0.137
0.602
0.401
0.400
0.331
0.743
0.544
0.572
0.678
0.714
0.463
0.607
0.822
0.900
0.501
0.419
0.728
0.575
0.923
0.421
0.426
0.091
0.878
0.156
0.948
0.612
0.217
0.365
0.326
0.307
0.206
0.464
0.122
0.399
0.461
0.556
0.681
0.543
0.811
0.278
0.599
0.835
0.503
0.595
0.589
0.526
0.374
0.598
0.008
0.414
0.164
0.481
0.157
0.888
0.487
0.252
0.709
0.274
0.267
0.362
0.922
0.659
0.386
0.393
0.611
0.546
0.406
0.413
0.285
0.746
0.597
0.397
0.367
0.694
0.772
0.694
0.743
0.671
0.340
0.220
0.195
0.581
0.180
0.765
0.257
0.768
0.362
0.584
0.280
0.660
0.636
0.662
0.360
0.804
0.597
0.730
0.512
0.556
0.209
0.469
0.517
0.152
0.649
0.909
0.639
0.677
0.794
0.240
0.827
0.790
0.305
0.598
0.357
0.893
0.275
0.614
0.193
0.742
0.544
0.256
0.614
0.370
0.594
0.836
0.430
0.889
0.449
0.543
0.521
0.457
0.491
0.828
0.227
0.225
0.135
0.715
0.383
0.609
0.595
0.382
0.694
0.332
0.710
0.268
0.523
0.141
0.228
0.463
0.665
0.536
0.819
0.647
0.677
0.389
0.631
0.287
0.531
0.121
0.552
0.140
0.111
0.528
0.856
0.168
0.290
0.527
0.088
0.563
0.945
0.788
0.551
0.627
0.097
0.588
0.832
0.153
0.564
0.634
0.342
0.336
0.291
0.562
0.646
0.639
0.555
0.606
0.718
0.573
0.778
0.147
0.544
0.375
0.268
0.566
0.918
0.282
0.295
0.849
0.108
0.471
0.807
0.259
0.473
0.673
0.236
0.423
0.342
0.381
0.847
0.071
0.141
0.571
0.730
0.399
0.361
0.208
0.766
0.165
0.541
0.388
0.479
0.744
0.271
0.377
0.756
0.461
0.624
0.442
0.481
0.516
0.118
0.232
0.353
0.153
0.492
0.421
0.514
0.227
0.855
0.611
0.632
0.485
0.665
0.272
0.763
0.533
0.503
0.385
0.488
0.451
0.064
0.499
0.835
0.624
0.469
0.553
0.904
0.408
0.324
0.179
0.657
0.595
0.673
0.257
0.241
0.605
0.241
0.395
0.176
0.075
0.168
0.414
0.164
0.164
0.787
0.402
0.195
0.136
0.620
0.914
0.352
0.691
0.582
0.447
0.898
0.552
0.628
0.773
0.294
0.641
0.470
0.327
0.652
0.401
0.291
0.632
0.808
0.616
0.280
0.316
0.655
0.252
0.490
0.585
0.589
0.417
0.495
0.611
0.098
0.451
0.382
0.630
0.626
0.534
0.678
0.850
0.344
0.263
0.804
0.945
0.423
0.515
0.932
0.527
0.283
0.590
0.605
0.484
0.441
0.929
0.502
0.157
0.556
0.823
0.266
0.333
0.678
0.438
0.945
0.430
0.127
0.249
0.172
0.477
0.605
0.245
0.736
0.840
0.613
0.268
0.312
0.284
0.721
0.528
0.519
0.292
0.904
0.715
0.630
0.628
0.319
0.249
0.257
0.513
0.212
0.390
0.779
0.614
0.789
0.740
0.811
0.456
0.376
0.562
0.494
0.360
0.627
0.584
0.622
0.415
0.605
0.962
0.441
0.315
0.707
0.553
0.450
0.553
0.514
0.676
0.541
0.915
0.043
0.541
0.912
0.041
0.743
0.241
0.723
0.201
0.388
0.659
0.748
0.705
0.221
0.666
0.624
0.275
0.416
0.574
0.495
0.548
0.493
0.724
0.160
0.459
0.321
0.846
0.164
0.248
0.843
0.685
0.939
0.665
0.444
0.934
0.774
0.438
0.402
0.642
0.406
0.202
0.703
0.370
0.317
0.648
0.329
0.619
0.651
0.577
0.433
0.606
0.657
0.782
0.506
0.290
0.586
0.307
0.361
0.218
0.522
0.034
0.647
0.557
0.708
0.537
0.723
0.846
0.327
0.729
0.899
0.433
0.838
0.987
0.730
0.831
0.129
0.700
0.239
0.702
0.475
0.757
0.534
0.782
0.954
0.132
0.693
0.438
0.260
0.446
0.328
0.198
0.623
0.379
0.309
0.406
0.518
0.583
0.402
0.515
0.394
0.536
0.598
0.728
0.217
0.700
0.119
0.274
0.586
0.465
0.506
0.714
0.285
0.723
0.369
0.421
0.605
0.339
0.262
0.449
0.911
0.573
0.307
0.558
0.503
0.719
0.141
0.377
0.106
0.319
0.490
0.685
0.640
0.078
0.278
0.559
0.879
0.493
0.406
0.464
0.109
0.439
0.599
0.207
0.391
0.496
0.638
0.552
0.576
0.197
0.227
0.350
0.480
0.491
0.588
0.610
0.469
0.286
0.392
0.325
0.406
0.201
0.682
0.578
0.340
0.832
0.502
0.439
0.714
0.473
0.066
0.472
0.554
0.738
0.627
0.209
0.565
0.880
0.498
0.228
0.465
0.257
0.079
0.269
0.552
0.797
0.411
0.733
0.546
0.620
0.373
0.763
0.503
0.662
0.852
0.296
0.066
0.399
0.386
0.317
0.698
0.124
0.326
0.602
0.558
0.805
0.713
0.986
0.297
0.643
0.220
0.553
0.444
0.784
0.156
0.585
0.323
0.454
0.828
0.788
0.570
0.592
0.493
0.367
0.183
0.339
0.361
0.089
0.755
0.417
0.654
0.856
0.036
0.540
0.175
0.435
0.772
0.582
0.705
0.505
0.144
0.408
0.551
0.503
0.444
0.730
0.485
0.828
0.280
0.526
0.634
0.486
0.722
0.395
0.094
0.668
0.590
0.425
0.780
0.377
0.690
0.307
0.358
0.717
0.257
0.189
0.422
0.435
0.323
0.449
0.354
0.244
0.835
0.401
0.516
0.576
0.531
0.315
0.155
0.855
0.788
0.925
0.645
0.685
0.709
0.632
0.247
0.510
0.438
0.518
0.380
0.426
0.723
0.624
0.221
0.745
0.470
0.283
0.194
0.658
0.486
0.522
0.240
0.312
0.410
0.459
0.288
0.664
0.405
0.164
0.730
0.698
0.330
0.107
0.567
0.772
0.600
0.044
0.645
0.560
0.742
0.326
0.844
0.593
0.746
0.439
0.607
0.341
0.756
0.727
0.658
0.324
0.117
0.701
0.452
0.839
0.358
0.526
0.454
0.205
0.866
0.718
0.846
0.611
0.276
0.816
0.461
0.360
0.542
0.726
0.503
0.831
0.153
0.759
0.572
0.451
0.590
0.485
0.105
0.372
0.381
0.350
0.229
0.767
0.552
0.759
0.667
0.308
0.537
0.556
0.395
0.465
0.255
0.893
0.855
0.693
0.565
0.717
0.215
0.426
0.163
0.215
0.278
0.577
0.681
0.565
0.189
0.427
0.834
0.576
0.553
0.434
0.820
0.308
0.561
0.270
0.260
0.373
0.690
0.681
0.184
0.545
0.649
0.457
0.520
0.271
0.338
0.762
0.583
0.776
0.738
0.881
0.459
0.767
0.442
0.752
0.330
0.336
0.704
0.309
0.510
0.256
0.273
0.374
0.353
0.879
0.497
0.587
0.306
0.435
0.275
0.139
0.495
0.273
0.621
0.910
0.572
0.393
0.110
0.407
0.239
0.388
0.432
0.484
0.382
0.411
0.321
0.512
0.564
0.381
0.232
0.774
0.752
0.378
0.541
0.563
0.373
0.909
0.513
0.289
0.382
0.715
0.422
0.229
0.746
0.177
0.848
0.455
0.325
0.585
0.585
0.107
0.501
0.484
0.360
0.317
0.465
0.359
0.078
0.857
0.854
0.865
0.513
0.580
0.452
0.491
0.764
0.004
0.493
0.738
0.155
0.750
0.438
0.491
0.623
0.642
0.441
0.468
0.146
0.033
0.585
0.269
0.371
0.865
0.218
0.507
0.533
0.445
0.541
0.325
0.794
0.844
0.554
0.727
0.705
0.282
0.628
0.702
0.585
0.620
0.268
0.537
0.458
0.614
0.200
0.037
0.383
0.699
0.767
0.501
0.606
0.330
0.753
0.823
0.547
0.456
0.895
0.541
0.867
0.904
0.739
0.715
0.920
0.756
0.437
0.637
0.518
0.465
0.193
0.592
0.100
0.363
0.306
0.362
0.690
0.258
0.382
0.335
0.364
0.079
0.269
0.433
0.639
0.352
0.696
0.237
0.580
0.259
0.071
0.612
0.314
0.874
0.107
0.670
0.246
0.409
0.644
0.199
0.438
0.359
0.202
0.684
0.169
0.651
0.783
0.606
0.442
0.458
0.069
0.902
0.113
0.548
0.161
0.187
0.450
0.630
0.276
0.512
0.545
0.666
0.598
0.626
0.651
0.422
0.147
0.444
0.357
0.458
0.326
0.868
0.696
0.799
0.619
0.414
0.129
0.667
0.396
0.390
0.376
0.224
0.379
0.522
0.417
0.332
0.339
0.511
0.804
0.161
0.557
0.512
0.459
0.445
0.535
0.380
0.097
0.751
0.953
0.435
0.129
0.355
0.323
0.567
0.135
0.506
0.886
0.145
0.401
0.558
0.402
0.745
0.968
0.538
0.664
0.595
0.445
0.539
0.239
0.695
0.601
0.152
0.896
0.265
0.973
0.682
0.525
0.386
0.542
0.728
0.354
0.331
0.653
0.347
0.715
0.240
0.679
0.718
0.352
0.778
0.286
0.377
0.357
0.351
0.242
0.532
0.157
0.708
0.519
0.252
0.361
0.822
0.849
0.597
0.614
0.183
0.437
0.639
0.722
0.329
0.523
0.574
0.434
0.393
0.871
0.489
0.412
0.608
0.452
0.618
0.665
0.846
0.588
0.693
0.664
0.344
0.653
0.685
0.575
0.534
0.565
0.341
0.590
0.162
0.321
0.743
0.694
0.243
0.616
0.472
0.376
0.654
0.627
0.527
0.392
0.192
0.240
0.484
0.225
0.458
0.782
0.565
0.406
0.639
0.190
0.907
0.490
0.279
0.660
0.300
0.773
0.520
0.432
0.585
0.574
0.717
0.844
0.381
0.232
0.695
0.920
0.400
0.534
0.157
0.582
0.309
0.552
0.151
0.605
0.587
0.366
0.567
0.790
0.748
0.809
0.376
0.291
0.491
0.550
0.464
0.685
0.721
0.250
0.837
0.227
0.199
0.343
0.454
0.173
0.353
0.271
0.497
0.346
0.246
0.296
0.686
0.393
0.417
0.128
0.662
0.460
0.747
0.622
0.216
0.295
0.297
0.116
0.822
0.323
0.762
0.306
0.431
0.058
0.197
0.083
0.841
0.473
0.678
0.555
0.563
0.267
0.834
0.344
0.379
0.415
0.755
0.219
0.314
0.618
0.454
0.586
0.613
0.773
0.673
0.144
0.290
0.506
0.355
0.492
0.510
0.384
0.684
0.383
0.542
0.547
0.706
0.639
0.452
0.510
0.525
0.375
0.307
0.618
0.383
0.763
0.678
0.589
0.213
0.348
0.470
0.782
0.495
0.507
0.809
0.270
0.349
0.572
0.227
0.879
0.048
0.618
0.437
0.140
0.589
0.234
0.433
0.175
0.410
0.607
0.668
0.500
0.881
0.696
0.662
0.153
0.579
0.870
0.364
0.249
0.216
0.245
0.756
0.224
0.602
0.205
0.026
0.353
0.585
0.073
0.653
0.806
0.412
0.835
0.476
0.277
0.344
0.070
0.733
0.634
0.571
0.377
0.776
0.669
0.374
0.342
0.773
0.529
0.406
0.790
0.646
0.415
0.929
0.349
0.651
0.746
0.427
0.317
0.804
0.468
0.638
0.652
0.693
0.746
0.754
0.534
0.430
0.171
0.887
0.671
0.231
0.750
0.447
0.846
0.165
0.303
0.664
0.559
0.146
0.668
0.711
0.365
0.335
0.236
0.795
0.267
0.678
0.465
0.189
0.814
0.432
0.564
0.676
0.188
0.659
0.674
0.594
0.518
0.188
0.282
0.297
0.883
0.286
0.411
0.789
0.699
0.808
0.495
0.534
0.430
0.250
0.684
0.687
0.413
0.491
0.150
0.621
0.472
0.212
0.365
0.487
0.776
0.410
0.165
0.258
0.909
0.774
0.336
0.496
0.609
0.621
0.526
0.359
0.379
0.198
0.362
0.108
0.325
0.485
0.615
0.882
0.467
0.644
0.926
0.523
0.763
0.542
0.470
0.620
0.310
0.527
0.391
0.821
0.469
0.425
0.836
0.407
0.682
0.393
0.316
0.546
0.489
0.639
0.587
0.448
0.588
0.539
0.688
0.599
0.215
0.409
0.680
0.873
0.346
0.868
0.711
0.313
0.275
0.329
0.758
0.350
0.509
0.672
0.732
0.605
0.395
0.486
0.204
0.496
0.214
0.481
0.523
0.550
0.497
0.540
0.457
0.616
0.499
0.906
0.679
0.483
0.179
0.735
0.074
0.902
0.907
0.483
0.671
0.565
0.549
0.559
0.503
0.373
0.304
0.056
0.768
0.691
0.487
0.138
0.324
0.140
0.361
0.320
0.656
0.871
0.496
0.097
0.081
0.612
0.332
0.454
0.447
0.179
0.688
0.501
0.719
0.462
0.323
0.853
0.619
0.589
0.331
0.244
0.151
0.481
0.777
0.307
0.868
0.622
0.860
0.297
0.592
0.274
0.148
0.462
0.299
0.817
0.751
0.328
0.364
0.395
0.555
0.991
0.456
0.207
0.371
0.738
0.249
0.126
0.208
0.629
0.539
0.774
0.665
0.472
0.697
0.273
0.089
0.034
0.615
0.615
0.820
0.486
0.924
0.084
0.742
0.885
0.238
0.124
0.147
0.557
0.724
0.823
0.609
0.634
0.876
0.144
0.684
0.239
0.299
0.146
0.376
0.442
0.572
0.263
0.784
0.406
0.643
0.635
0.663
0.774
0.582
0.161
0.907
0.225
0.711
0.270
0.222
0.612
0.790
0.372
0.641
0.739
0.575
0.548
0.577
0.182
0.396
0.372
0.624
0.513
0.615
0.430
0.504
0.625
0.587
0.471
0.570
0.727
0.104
0.465
0.679
0.483
0.263
0.757
0.113
0.415
0.304
0.774
0.727
0.553
0.363
0.650
0.300
0.650
0.686
0.913
0.388
0.759
0.731
0.851
0.302
0.624
0.406
0.086
0.612
0.369
0.494
0.266
0.624
0.102
0.666
0.490
0.865
0.872
0.590
0.253
0.589
0.454
0.603
0.154
0.680
0.224
0.409
0.809
0.721
0.503
0.835
0.767
0.215
0.113
0.734
0.397
0.541
0.665
0.886
0.307
0.773
0.354
0.100
0.641
0.636
0.401
0.630
0.517
0.309
0.476
0.462
0.308
0.640
0.493
0.680
0.760
0.159
0.501
0.569
0.744
0.341
0.176
0.873
0.644
0.555
0.127
0.335
0.666
0.411
0.307
0.369
0.492
0.521
0.830
0.373
0.267
0.356
0.808
0.714
0.752
0.201
0.536
0.799
0.555
0.591
0.448
0.245
0.424
0.190
0.808
0.553
0.378
0.406
0.649
0.459
0.391
0.776
0.682
0.346
0.225
0.359
0.633
0.257
0.241
0.363
0.169
0.398
0.075
0.619
0.596
0.363
0.240
0.267
0.274
0.441
0.388
0.605
0.147
0.602
0.847
0.436
0.570
0.871
0.351
0.804
0.661
0.684
0.729
0.387
0.305
0.701
0.134
0.262
0.354
0.552
0.484
0.654
0.525
0.166
0.620
0.299
0.689
0.667
0.126
0.702
0.167
0.537
0.241
0.293
0.635
0.674
0.755
0.393
0.730
0.527
0.850
0.396
0.468
0.666
0.452
0.423
0.393
0.554
0.650
0.497
0.166
0.660
0.577
0.679
0.312
0.704
0.091
0.303
0.589
0.342
0.623
0.719
0.559
0.193
0.480
0.278
0.694
0.346
0.880
0.381
0.440
0.813
0.393
0.312
0.295
0.551
0.225
0.312
0.098
0.600
0.288
0.799
0.330
0.125
0.852
0.725
0.720
0.291
0.511
0.514
0.477
0.735
0.656
0.571
0.202
0.713
0.817
0.059
0.751
0.883
0.488
0.560
0.930
0.684
0.407
0.629
0.488
0.710
0.209
0.424
0.686
0.158
0.707
0.270
0.454
0.455
0.555
0.210
0.577
0.710
0.545
0.921
0.688
0.156
0.729
0.109
0.912
0.280
0.845
0.195
0.113
0.288
0.178
0.505
0.309
0.445
0.259
0.140
0.737
0.067
0.277
0.493
0.192
0.050
0.274
0.354
0.675
0.868
0.485
0.401
0.646
0.471
0.300
0.266
0.375
0.687
0.789
0.202
0.454
0.651
0.588
0.268
0.321
0.230
0.222
0.374
0.591
0.219
0.835
0.277
0.075
0.498
0.210
0.255
0.530
0.714
0.547
0.657
0.468
0.187
0.486
0.707
0.599
0.344
0.411
0.211
0.664
0.171
0.673
0.555
0.614
0.195
0.399
0.276
0.302
0.615
0.654
0.481
0.734
0.491
0.756
0.596
0.718
0.372
0.394
0.345
0.161
0.586
0.708
0.373
0.759
0.574
0.406
0.241
0.513
0.550
0.765
0.329
0.640
0.679
0.496
0.670
0.390
0.834
0.174
0.918
0.349
0.661
0.530
0.209
0.300
0.553
0.487
0.553
0.406
0.675
0.113
0.297
0.291
0.372
0.391
0.699
0.958
0.523
0.435
0.355
0.213
0.444
0.556
0.489
0.461
0.439
0.116
0.379
0.148
0.571
0.829
0.792
0.180
0.277
0.705
0.358
0.569
0.709
0.583
0.724
0.574
0.614
0.453
0.026
0.118
0.186
0.538
0.062
0.535
0.444
0.674
0.328
0.262
0.318
0.592
0.915
0.810
0.202
0.499
0.290
0.134
0.862
0.437
0.505
0.763
0.480
0.657
0.020
0.873
0.223
0.599
0.597
0.739
0.872
0.594
0.396
0.559
0.605
0.296
0.405
0.645
0.833
0.781
0.627
0.741
0.333
0.195
0.965
0.791
0.869
0.484
0.805
0.647
0.506
0.153
0.161
0.484
0.281
0.482
0.326
0.741
0.677
0.257
0.133
0.470
0.317
0.763
0.426
0.257
0.426
0.673
0.957
0.479
0.283
0.284
0.560
0.083
0.448
0.496
0.732
0.445
0.120
0.917
0.514
0.497
0.781
0.625
0.221
0.739
0.569
0.268
0.826
0.567
0.755
0.276
0.583
0.667
0.554
0.626
0.293
0.812
0.299
0.437
0.749
0.759
0.605
0.182
0.111
0.449
0.286
0.651
0.776
0.398
0.508
0.571
0.425
0.892
0.779
0.272
0.750
0.525
0.984
0.272
0.843
0.237
0.889
0.256
0.311
0.674
0.804
0.385
0.531
0.329
0.524
0.552
0.829
0.140
0.649
0.213
0.532
0.599
0.171
0.378
0.255
0.302
0.657
0.742
0.738
0.292
0.671
0.430
0.861
0.575
0.170
0.514
0.522
0.233
0.532
0.659
0.360
0.295
0.530
0.459
0.529
0.911
0.258
0.784
0.246
0.589
0.029
0.171
0.447
0.840
0.470
0.660
0.369
0.269
0.207
0.648
0.486
0.754
0.093
0.604
0.323
0.367
0.678
0.558
0.664
0.644
0.545
0.511
0.569
0.692
0.425
0.370
0.487
0.377
0.529
0.693
0.033
0.785
0.353
0.569
0.432
0.087
0.655
0.371
0.436
0.543
0.344
0.149
0.076
0.035
0.836
0.275
0.372
0.808
0.415
0.196
0.282
0.722
0.541
0.380
0.627
0.661
0.467
0.491
0.420
0.905
0.643
0.691
0.710
0.521
0.795
0.145
0.658
0.272
0.239
0.266
0.410
0.063
0.670
0.563
0.199
0.778
0.484
0.665
0.772
0.758
0.488
0.585
0.868
0.215
0.636
0.304
0.740
0.733
0.262
0.536
0.363
0.821
0.161
0.683
0.603
0.816
0.892
0.584
0.540
0.730
0.332
0.811
0.387
0.144
0.570
0.421
0.633
0.603
0.069
0.867
0.451
0.611
0.808
0.137
0.390
0.556
0.520
0.287
0.539
0.052
0.260
0.316
0.607
0.786
0.095
0.464
0.182
0.286
0.198
0.088
0.065
0.634
0.569
0.796
0.633
0.609
0.427
0.891
0.605
0.251
0.617
0.484
0.444
0.699
0.524
0.262
0.423
0.250
0.940
0.737
0.889
0.750
0.324
0.441
0.437
0.447
0.588
0.704
0.724
0.432
0.076
0.771
0.446
0.513
0.723
0.768
0.011
0.100
0.116
0.659
0.147
0.470
0.856
0.331
0.498
0.696
0.572
0.540
0.075
0.172
0.753
0.360
0.514
0.104
0.571
0.387
0.475
0.361
0.444
0.796
0.213
0.738
0.724
0.485
0.860
0.294
0.662
0.394
0.738
0.746
0.336
0.397
0.456
0.492
0.896
0.669
0.352
0.164
0.887
0.363
0.224
0.537
0.215
0.597
0.696
0.695
0.529
0.663
0.685
0.656
0.877
0.533
0.365
0.656
0.127
0.374
0.328
0.788
0.579
0.325
0.240
0.395
0.889
0.901
0.595
0.409
0.724
0.353
0.454
0.490
0.050
0.450
0.228
0.305
0.370
0.495
0.633
0.661
0.901
0.382
0.448
0.562
0.125
0.466
0.363
0.425
0.573
0.537
0.273
0.627
0.473
0.650
0.692
0.246
0.118
0.913
0.621
0.436
0.508
0.110
0.556
0.407
0.170
0.376
0.723
0.893
0.778
0.517
0.489
0.655
0.513
0.093
0.714
0.874
0.609
0.633
0.443
0.124
0.818
0.549
0.734
0.828
0.447
0.189
0.618
0.773
0.237
0.748
0.706
0.276
0.448
0.374
0.710
0.432
0.461
0.618
0.464
0.307
0.897
0.635
0.463
0.373
0.160
0.806
0.380
0.679
0.445
0.590
0.705
0.650
0.383
0.460
0.769
0.294
0.139
0.499
0.562
0.083
0.787
0.696
0.685
0.788
0.378
0.851
0.609
0.593
0.850
0.609
0.030
0.789
0.459
0.337
0.353
0.638
0.503
0.337
0.608
0.492
0.895
0.597
0.489
0.132
0.830
0.728
0.328
0.490
0.354
0.292
0.164
0.362
0.746
0.458
0.457
0.738
0.660
0.438
0.763
0.350
0.728
0.359
0.339
0.431
0.276
0.192
0.221
0.042
0.916
0.849
0.060
0.486
0.557
0.139
0.181
0.394
0.360
0.621
0.350
0.309
0.271
0.638
0.465
0.479
0.286
0.350
0.384
0.447
0.872
0.625
0.153
0.670
0.914
0.283
0.255
0.102
0.755
0.478
0.563
0.286
0.428
0.478
0.694
0.879
0.448
0.320
0.943
0.382
0.967
0.915
0.834
0.604
0.392
0.349
0.224
0.488
0.484
0.600
0.919
0.452
0.176
0.383
0.307
0.383
0.441
0.509
0.325
0.122
0.367
0.626
0.828
0.567
0.569
0.545
0.481
0.466
0.722
0.767
0.468
0.509
0.244
0.810
0.891
0.483
0.522
0.584
0.230
0.098
0.582
0.427
0.341
0.406
0.599
0.883
0.260
0.688
0.518
0.630
0.327
0.221
0.354
0.563
0.856
0.324
0.084
0.727
0.976
0.429
0.837
0.634
0.142
0.411
0.536
0.016
0.220
0.684
0.369
0.188
0.588
0.926
0.504
0.314
0.596
0.476
0.585
0.408
0.326
0.259
0.358
0.624
0.583
0.090
0.555
0.671
0.315
0.619
0.779
0.874
0.122
0.569
0.698
0.085
0.479
0.482
0.647
0.685
0.414
0.483
0.498
0.406
0.512
0.103
0.157
0.538
0.744
0.628
0.911
0.326
0.457
0.222
0.138
0.829
0.489
0.367
0.606
0.581
0.318
0.539
0.378
0.677
0.288
0.910
0.794
0.872
0.174
0.758
0.462
0.218
0.732
0.368
0.711
0.731
0.389
0.509
0.440
0.533
0.433
0.742
0.098
0.370
0.125
0.487
0.662
0.328
0.807
0.125
0.318
0.806
0.404
0.325
0.625
0.408
0.645
0.620
0.381
0.833
0.068
0.421
0.520
0.497
0.750
0.642
0.328
0.737
0.903
0.457
0.247
0.490
0.364
0.532
0.184
0.724
0.517
0.551
0.645
0.609
0.332
0.112
0.755
0.755
0.282
0.410
0.078
0.779
0.267
0.402
0.411
0.471
0.085
0.496
0.558
0.647
0.733
0.641
0.542
0.533
0.739
0.546
0.049
0.485
0.484
0.550
0.541
0.266
0.673
0.864
0.665
0.526
0.355
0.799
0.458
0.598
0.828
0.290
0.608
0.758
0.820
0.300
0.284
0.389
0.412
0.126
0.368
0.578
0.552
0.221
0.341
0.812
0.838
0.857
0.553
0.404
0.719
0.594
0.401
0.561
0.922
0.923
0.782
0.606
0.324
0.365
0.786
0.725
0.147
0.621
0.418
0.877
0.221
0.718
0.202
0.386
0.696
0.219
0.552
0.634
0.759
0.497
0.132
0.332
0.484
0.548
0.777
0.103
0.202
0.133
0.319
0.630
0.442
0.433
0.857
0.697
0.295
0.745
0.208
0.474
0.102
0.567
0.742
0.713
0.486
0.539
0.590
0.342
0.650
0.130
0.636
0.396
0.465
0.848
0.330
0.810
0.098
0.441
0.678
0.080
0.916
0.652
0.719
0.516
0.577
0.673
0.812
0.139
0.714
0.628
0.610
0.543
0.788
0.601
0.573
0.691
0.308
0.596
0.185
0.254
0.509
0.337
0.068
0.121
0.461
0.615
0.799
0.417
0.142
0.590
0.410
0.661
0.274
0.596
0.515
0.313
0.273
0.407
0.602
0.525
0.676
0.685
0.165
0.681
0.836
0.151
0.806
0.439
0.604
0.672
0.604
0.204
0.416
0.362
0.204
0.651
0.863
0.270
0.914
0.611
0.439
0.799
0.648
0.366
0.479
0.286
0.576
0.636
0.600
0.615
0.596
0.615
0.041
0.399
0.606
0.340
0.441
0.849
0.669
0.240
0.720
0.285
0.412
0.804
0.458
0.688
0.094
0.295
0.536
0.540
0.725
0.894
0.724
0.054
0.608
0.137
0.298
0.537
0.589
0.543
0.183
0.678
0.760
0.410
0.083
0.146
0.274
0.205
0.284
0.308
0.170
0.308
0.135
0.620
0.315
0.217
0.570
0.502
0.322
0.516
0.798
0.620
0.574
0.701
0.173
0.218
0.449
0.635
0.417
0.793
0.324
0.559
0.513
0.412
0.328
0.583
0.442
0.201
0.619
0.482
0.472
0.462
0.233
0.504
0.769
0.353
0.404
0.776
0.498
0.681
0.377
0.463
0.211
0.254
0.707
0.325
0.478
0.301
0.280
0.503
0.118
0.957
0.404
0.262
0.888
0.655
0.402
0.120
0.531
0.623
0.359
0.318
0.678
0.409
0.327
0.678
0.633
0.581
0.497
0.403
0.371
0.352
0.499
0.147
0.690
0.554
0.274
0.268
0.755
0.157
0.830
0.445
0.492
0.528
0.549
0.881
0.174
0.710
0.698
0.266
0.279
0.645
0.336
0.717
0.278
0.151
0.469
0.484
0.463
0.561
0.830
0.650
0.976
0.239
0.357
0.628
0.151
0.683
0.479
0.986
0.775
0.638
0.763
0.435
0.587
0.505
0.254
0.614
0.357
0.757
0.441
0.573
0.164
0.751
0.617
0.347
0.800
0.882
0.446
0.326
0.823
0.654
0.775
0.465
0.268
0.301
0.607
0.369
0.897
0.541
0.746
0.362
0.546
0.697
0.408
0.556
0.796
0.334
0.841
0.074
0.637
0.546
0.617
0.509
0.600
0.644
0.953
0.714
0.460
0.792
0.331
0.661
0.603
0.236
0.429
0.570
0.791
0.650
0.199
0.701
0.816
0.316
0.192
0.485
0.321
0.579
0.220
0.265
0.391
0.079
0.655
0.502
0.759
0.323
0.251
0.390
0.790
0.877
0.499
0.383
0.406
0.397
0.810
0.780
0.392
0.524
0.672
0.478
0.440
0.788
0.629
0.361
0.746
0.714
0.448
0.121
0.627
0.555
0.886
0.409
0.603
0.378
0.677
0.828
0.721
0.519
0.608
0.751
0.337
0.456
0.471
0.466
0.762
0.234
0.661
0.641
0.480
0.526
0.522
0.465
0.574
0.460
0.278
0.605
0.578
0.891
0.654
0.629
0.665
0.487
0.263
0.610
0.439
0.103
0.774
0.653
0.812
0.321
0.523
0.470
0.490
0.543
0.331
0.427
0.103
0.768
0.309
0.100
0.621
0.843
0.797
0.745
0.230
0.710
0.652
0.110
0.493
0.091
0.067
0.552
0.314
0.929
0.139
0.202
0.544
0.476
0.694
0.183
0.741
0.500
0.551
0.089
0.609
0.786
0.759
0.760
0.234
0.585
0.801
0.472
0.607
0.016
0.224
0.616
0.416
0.761
0.504
0.783
0.506
0.474
0.463
0.576
0.752
0.663
0.306
0.279
0.538
0.741
0.341
0.441
0.156
0.228
0.613
0.284
0.988
0.285
0.352
0.685
0.459
0.387
0.659
0.389
0.332
0.725
0.404
0.470
0.764
0.928
0.325
0.512
0.246
0.524
0.218
0.028
0.624
0.490
0.756
0.684
0.519
0.924
0.345
0.570
0.678
0.231
0.325
0.341
0.678
0.311
0.617
0.645
0.577
0.578
0.875
0.143
0.697
0.798
0.311
0.369
0.550
0.900
0.662
0.723
0.296
0.567
0.781
0.896
0.036
0.387
0.586
0.173
0.151
0.203
0.605
0.525
0.275
0.665
0.711
0.790
0.279
0.810
0.111
0.325
0.941
0.498
0.665
0.729
0.648
0.557
0.362
0.618
0.659
0.962
0.235
0.760
0.553
0.309
0.464
0.652
0.562
0.663
0.322
0.220
0.371
0.294
0.623
0.538
0.260
0.745
0.788
0.213
0.201
0.092
0.558
0.753
0.238
0.810
0.878
0.910
0.424
0.534
0.681
0.634
0.195
0.199
0.373
0.641
0.752
0.271
0.274
0.556
0.537
0.712
0.065
0.266
0.585
0.564
0.392
0.457
0.725
0.671
0.362
0.433
0.476
0.554
0.756
0.518
0.584
0.229
0.546
0.751
0.257
0.724
0.596
0.650
0.244
0.524
0.504
0.548
0.138
0.342
0.689
0.475
0.727
0.620
0.663
0.424
0.625
0.800
0.159
0.257
0.301
0.672
0.685
0.667
0.198
0.875
0.432
0.188
0.618
0.334
0.919
0.747
0.350
0.248
0.399
0.534
0.585
0.227
0.540
0.484
0.677
0.142
0.339
0.482
0.849
0.167
0.334
0.059
0.904
0.872
0.219
0.014
0.589
0.395
0.743
0.427
0.810
0.290
0.111
0.652
0.693
0.261
0.288
0.485
0.599
0.311
0.205
0.270
0.589
0.644
0.557
0.674
0.290
0.225
0.139
0.600
0.327
0.571
0.662
0.349
0.370
0.683
0.448
0.286
0.440
0.351
0.159
0.821
0.809
0.754
0.464
0.657
0.472
0.358
0.451
0.588
0.766
0.698
0.840
0.890
0.250
0.393
0.542
0.427
0.587
0.550
0.711
0.286
0.596
0.156
0.679
0.314
0.398
0.606
0.098
0.233
0.825
0.412
0.633
0.869
0.140
0.182
0.620
0.633
0.448
0.374
0.581
0.418
0.192
0.572
0.191
0.783
0.886
0.119
0.680
0.239
0.673
0.619
0.476
0.318
0.180
0.168
0.523
0.541
0.580
0.872
0.684
0.719
0.224
0.207
0.679
0.292
0.710
0.165
0.772
0.614
0.863
0.415
0.261
0.911
0.331
0.267
0.541
0.196
0.913
0.223
0.824
0.481
0.637
0.295
0.482
0.500
0.820
0.459
0.350
0.713
0.687
0.445
0.280
0.959
0.404
0.134
0.379
0.470
0.443
0.724
0.301
0.247
0.121
0.184
0.494
0.437
0.762
0.630
0.223
0.644
0.494
0.492
0.509
0.475
0.076
0.172
0.305
0.471
0.910
0.396
0.641
0.619
0.158
0.092
0.671
0.524
0.446
0.637
0.247
0.391
0.308
0.490
0.694
0.300
0.900
0.356
0.356
0.528
0.778
0.770
0.294
0.539
0.570
0.216
0.394
0.445
0.140
0.135
0.310
0.682
0.250
0.683
0.499
0.247
0.110
0.311
0.456
0.171
0.788
0.637
0.736
0.183
0.730
0.683
0.318
0.588
0.509
0.688
0.493
0.483
0.569
0.591
0.329
0.101
0.599
0.464
0.106
0.934
0.522
0.220
0.553
0.284
0.431
0.174
0.356
0.555
0.449
0.186
0.484
0.867
0.506
0.277
0.261
0.183
0.412
0.311
0.604
0.683
0.831
0.359
0.755
0.437
0.345
0.519
0.680
0.514
0.592
0.234
0.864
0.436
0.470
0.857
0.797
0.665
0.599
0.512
0.180
0.750
0.530
0.161
0.412
0.376
0.865
0.393
0.507
0.689
0.568
0.708
0.362
0.448
0.769
0.330
0.511
0.346
0.785
0.680
0.679
0.711
0.309
0.383
0.731
0.706
0.898
0.774
0.486
0.591
0.392
0.472
0.224
0.976
0.259
0.447
0.359
0.651
0.129
0.726
0.583
0.197
0.297
0.900
0.858
0.849
0.654
0.167
0.188
0.622
0.236
0.474
0.084
0.581
0.382
0.388
0.588
0.645
0.523
0.882
0.293
0.715
0.491
0.271
0.309
0.738
0.150
0.877
0.653
0.912
0.449
0.559
0.377
0.471
0.806
0.563
0.680
0.580
0.362
0.223
0.414
0.288
0.292
0.439
0.629
0.455
0.765
0.532
0.494
0.609
0.238
0.372
0.187
0.655
0.539
0.583
0.443
0.538
0.284
0.635
0.204
0.701
0.308
0.286
0.284
0.336
0.638
0.400
0.644
0.747
0.311
0.062
0.413
0.257
0.685
0.621
0.764
0.360
0.653
0.707
0.946
0.645
0.790
0.673
0.373
0.401
0.611
0.197
0.554
0.154
0.628
0.435
0.112
0.750
0.233
0.563
0.334
0.228
0.726
0.385
0.822
0.512
0.438
0.207
0.818
0.271
0.733
0.511
0.748
0.746
0.603
0.266
0.276
0.517
0.592
0.597
0.644
0.671
0.092
0.484
0.151
0.366
0.602
0.267
0.965
0.886
0.634
0.510
0.620
0.105
0.400
0.108
0.819
0.434
0.803
0.559
0.522
0.720
0.713
0.626
0.630
0.810
0.726
0.228
0.722
0.498
0.554
0.454
0.533
0.399
0.558
0.459
0.384
0.482
0.646
0.242
0.250
0.431
0.393
0.489
0.395
0.857
0.410
0.415
0.412
0.609
0.844
0.234
0.885
0.371
0.584
0.219
0.457
0.812
0.516
0.337
0.401
0.822
0.592
0.550
0.840
0.284
0.259
0.259
0.501
0.545
0.814
0.722
0.325
0.385
0.785
0.637
0.463
0.554
0.882
0.313
0.502
0.325
0.462
0.699
0.478
0.541
0.547
0.715
0.440
0.651
0.534
0.540
0.183
0.473
0.498
0.503
0.592
0.296
0.435
0.564
0.439
0.743
0.949
0.398
0.285
0.509
0.713
0.062
0.526
0.654
0.892
0.609
0.312
0.875
0.618
0.627
0.517
0.420
0.772
0.268
0.424
0.432
0.447
0.326
0.400
0.299
0.590
0.617
0.279
0.588
0.299
0.214
0.236
0.438
0.265
0.296
0.632
0.785
0.793
0.546
0.407
0.592
0.507
0.262
0.413
0.573
0.473
0.892
0.271
0.436
0.458
0.829
0.137
0.743
0.778
0.519
0.489
0.538
0.133
0.188
0.415
0.003
0.834
0.814
0.604
0.161
0.166
0.449
0.422
0.378
0.304
0.261
0.087
0.519
0.244
0.304
0.800
0.426
0.676
0.941
0.802
0.684
0.108
0.078
0.728
0.951
0.458
0.266
0.846
0.325
0.310
0.544
0.821
0.338
0.717
0.296
0.762
0.693
0.640
0.936
0.698
0.445
0.112
0.897
0.253
0.602
0.529
0.722
0.510
0.455
0.638
0.202
0.884
0.885
0.415
0.658
0.581
0.497
0.613
0.281
0.772
0.820
0.696
0.496
0.623
0.093
0.643
0.496
0.596
0.565
0.438
0.801
0.634
0.107
0.731
0.488
0.749
0.527
0.785
0.692
0.305
0.293
0.384
0.345
0.509
0.764
0.586
0.720
0.559
0.290
0.666
0.495
0.053
0.490
0.585
0.429
0.467
0.710
0.832
0.460
0.625
0.077
0.793
0.648
0.248
0.725
0.635
0.839
0.454
0.262
0.431
0.329
0.358
0.866
0.844
0.786
0.936
0.329
0.218
0.264
0.400
0.843
0.627
0.277
0.947
0.439
0.673
0.217
0.815
0.312
0.523
0.322
0.472
0.873
0.561
0.408
0.277
0.137
0.740
0.575
0.242
0.808
0.577
0.798
0.080
0.580
0.360
0.618
0.531
0.666
0.445
0.242
0.306
0.496
0.598
0.850
0.191
0.374
0.661
0.259
0.522
0.563
0.575
0.402
0.366
0.866
0.347
0.504
0.430
0.518
0.864
0.397
0.157
0.580
0.781
0.427
0.702
0.483
0.357
0.482
0.426
0.506
0.283
0.421
0.232
0.463
0.416
0.488
0.105
0.399
0.945
0.676
0.388
0.857
0.318
0.308
0.302
0.498
0.405
0.349
0.354
0.641
0.785
0.340
0.285
0.882
0.641
0.428
0.237
0.573
0.708
0.588
0.467
0.850
0.799
0.727
0.442
0.738
0.326
0.685
0.503
0.529
0.762
0.393
0.642
0.108
0.493
0.474
0.140
0.619
0.550
0.110
0.277
0.434
0.401
0.469
0.512
0.406
0.209
0.488
0.948
0.196
0.564
0.808
0.859
0.701
0.686
0.024
0.515
0.642
0.231
0.312
0.200
0.794
0.386
0.821
0.484
0.479
0.176
0.574
0.514
0.555
0.561
0.309
0.484
0.109
0.779
0.282
0.596
0.463
0.562
0.318
0.857
0.515
0.074
0.471
0.523
0.612
0.798
0.490
0.733
0.759
0.556
0.131
0.560
0.712
0.698
0.567
0.585
0.168
0.606
0.199
0.272
0.860
0.655
0.647
0.355
0.579
0.125
0.214
0.830
0.903
0.853
0.429
0.362
0.482
0.310
0.558
0.796
0.454
0.527
0.329
0.482
0.394
0.236
0.281
0.562
0.456
0.657
0.550
0.527
0.412
0.860
0.567
0.907
0.762
0.732
0.112
0.655
0.725
0.810
0.430
0.658
0.369
0.062
0.729
0.486
0.503
0.551
0.925
0.460
0.236
0.602
0.372
0.262
0.885
0.037
0.427
0.817
0.542
0.421
0.543
0.257
0.195
0.326
0.208
0.698
0.874
0.472
0.650
0.468
0.559
0.537
0.497
0.637
0.239
0.732
0.043
0.658
0.156
0.343
0.377
0.655
0.796
0.698
0.557
0.593
0.763
0.596
0.496
0.442
0.602
0.822
0.368
0.303
0.691
0.659
0.563
0.629
0.599
0.560
0.664
0.897
0.935
0.557
0.388
0.434
0.267
0.343
0.690
0.261
0.691
0.349
0.559
0.549
0.673
0.266
0.264
0.121
0.642
0.627
0.315
0.917
0.375
0.275
0.721
0.501
0.559
0.154
0.566
0.866
0.550
0.330
0.519
0.881
0.432
0.736
0.513
0.705
0.591
0.636
0.274
0.527
0.479
0.346
0.168
0.895
0.587
0.119
0.388
0.499
0.319
0.423
0.195
0.353
0.635
0.588
0.718
0.607
0.404
0.500
0.738
0.124
0.386
0.592
0.288
0.144
0.219
0.032
0.664
0.662
0.200
0.434
0.640
0.263
0.388
0.413
0.196
0.560
0.454
0.246
0.467
0.721
0.550
0.596
0.805
0.476
0.430
0.211
0.543
0.515
0.124
0.251
0.328
0.356
0.737
0.479
0.175
0.480
0.947
0.309
0.585
0.588
0.733
0.357
0.748
0.250
0.506
0.419
0.945
0.254
0.315
0.404
0.245
0.798
0.325
0.800
0.856
0.752
0.550
0.188
0.555
0.464
0.397
0.469
0.695
0.553
0.472
0.263
0.564
0.133
0.452
0.683
0.532
0.282
0.134
0.496
0.656
0.782
0.575
0.878
0.508
0.843
0.307
0.419
0.134
0.438
0.555
0.748
0.546
0.576
0.287
0.275
0.878
0.772
0.488
0.198
0.466
0.318
0.514
0.733
0.316
0.609
0.315
0.623
0.575
0.399
0.452
0.589
0.508
0.621
0.465
0.511
0.391
0.543
0.345
0.132
0.324
0.513
0.521
0.748
0.578
0.275
0.183
0.295
0.481
0.874
0.290
0.865
0.431
0.219
0.670
0.833
0.066
0.393
0.898
0.524
0.657
0.149
0.723
0.177
0.793
0.887
0.435
0.313
0.483
0.307
0.887
0.203
0.578
0.548
0.634
0.774
0.218
0.344
0.295
0.904
0.484
0.791
0.391
0.626
0.103
0.447
0.298
0.768
0.805
0.868
0.069
0.531
0.705
0.632
0.354
0.286
0.696
0.541
0.455
0.403
0.768
0.363
0.266
0.565
0.718
0.338
0.119
0.826
0.495
0.275
0.752
0.785
0.400
0.842
0.401
0.423
0.265
0.539
0.300
0.184
0.565
0.436
0.685
0.289
0.393
0.029
0.507
0.076
0.770
0.586
0.656
0.542
0.251
0.432
0.751
0.202
0.495
0.616
0.651
0.804
0.418
0.613
0.563
0.230
0.290
0.868
0.369
0.603
0.602
0.691
0.588
0.651
0.068
0.712
0.851
0.284
0.275
0.701
0.316
0.663
0.520
0.776
0.867
0.429
0.424
0.471
0.429
0.730
0.849
0.197
0.128
0.771
0.540
0.293
0.785
0.620
0.757
0.863
0.429
0.545
0.402
0.658
0.173
0.563
0.276
0.215
0.678
0.218
0.647
0.712
0.809
0.123
0.441
0.625
0.573
0.834
0.265
0.143
0.212
0.211
0.536
0.641
0.456
0.671
0.306
0.855
0.350
0.335
0.551
0.082
0.065
0.447
0.633
0.354
0.610
0.425
0.509
0.237
0.108
0.451
0.582
0.470
0.280
0.694
0.931
0.333
0.498
0.400
0.302
0.503
0.740
0.613
0.364
0.632
0.455
0.308
0.605
0.393
0.522
0.379
0.820
0.759
0.429
0.911
0.445
0.200
0.613
0.851
0.366
0.481
0.373
0.258
0.479
0.421
0.381
0.641
0.181
0.424
0.418
0.191
0.722
0.157
0.462
0.908
0.806
0.611
0.575
0.567
0.606
0.372
0.443
0.616
0.704
0.760
0.548
0.352
0.984
0.647
0.277
0.549
0.669
0.843
0.142
0.247
0.293
0.835
0.330
0.837
0.667
0.500
0.373
0.240
0.441
0.683
0.861
0.599
0.362
0.661
0.535
0.377
0.102
0.723
0.347
0.563
0.502
0.840
0.679
0.433
0.228
0.397
0.550
0.755
0.691
0.623
0.566
0.652
0.630
0.352
0.319
0.273
0.317
0.647
0.164
0.613
0.255
0.451
0.534
0.531
0.690
0.203
0.309
0.861
0.929
0.533
0.347
0.310
0.744
0.286
0.675
0.554
0.352
0.280
0.393
0.709
0.488
0.485
0.245
0.171
0.508
0.557
0.504
0.744
0.874
0.405
0.584
0.499
0.625
0.493
0.580
0.559
0.069
0.859
0.626
0.233
0.346
0.434
0.513
0.670
0.342
0.413
0.163
0.443
0.390
0.322
0.315
0.620
0.094
0.568
0.573
0.262
0.615
0.515
0.224
0.133
0.286
0.717
0.277
0.854
0.675
0.522
0.726
0.311
0.712
0.509
0.637
0.235
0.654
0.699
0.716
0.672
0.677
0.140
0.181
0.516
0.662
0.381
0.150
0.582
0.321
0.354
0.516
0.194
0.878
0.238
0.585
0.082
0.714
0.366
0.487
0.427
0.120
0.654
0.372
0.487
0.026
0.696
0.606
0.634
0.426
0.288
0.607
0.440
0.322
0.660
0.941
0.472
0.794
0.795
0.696
0.233
0.711
0.229
0.718
0.317
0.228
0.209
0.264
0.447
0.817
0.502
0.664
0.475
0.335
0.520
0.738
0.345
0.490
0.750
0.787
0.573
0.295
0.661
0.360
0.312
0.343
0.343
0.380
0.696
0.894
0.779
0.575
0.462
0.575
0.107
0.204
0.401
0.953
0.769
0.068
0.364
0.557
0.446
0.294
0.622
0.848
0.480
0.382
0.128
0.485
0.436
0.679
0.804
0.724
0.605
0.679
0.650
0.301
0.619
0.147
0.278
0.246
0.526
0.555
0.429
0.478
0.318
0.795
0.432
0.440
0.757
0.528
0.591
0.492
0.396
0.150
0.494
0.704
0.236
0.653
0.510
0.420
0.820
0.805
0.608
0.142
0.073
0.459
0.778
0.861
0.652
0.507
0.194
0.184
0.347
0.655
0.281
0.273
0.218
0.263
0.593
0.379
0.378
0.147
0.673
0.153
0.084
0.523
0.168
0.804
0.076
0.132
0.804
0.544
0.283
0.522
0.300
0.366
0.478
0.529
0.471
0.476
0.083
0.782
0.257
0.556
0.755
0.239
0.341
0.361
0.795
0.232
0.671
0.829
0.335
0.676
0.138
0.297
0.762
0.710
0.780
0.638
0.686
0.325
0.767
0.638
0.555
0.317
0.661
0.326
0.692
0.744
0.518
0.368
0.752
0.215
0.896
0.564
0.855
0.752
0.844
0.342
0.727
0.375
0.594
0.230
0.233
0.443
0.734
0.555
0.210
0.332
0.530
0.562
0.715
0.613
0.902
0.337
0.682
0.464
0.441
0.741
0.403
0.290
0.864
0.314
0.859
0.268
0.454
0.542
0.348
0.801
0.482
0.259
0.331
0.977
0.563
0.290
0.338
0.504
0.216
0.620
0.396
0.510
0.268
0.534
0.701
0.362
0.100
0.146
0.497
0.482
0.485
0.246
0.288
0.457
0.278
0.646
0.501
0.863
0.380
0.043
0.760
0.858
0.438
0.618
0.468
0.867
0.609
0.521
0.544
0.520
0.446
0.606
